0.7900512043422591
0.5962192851434717
0.5963804236618824
0.5048308341241873
0.09574467819682786
0.055984776089573134
0.9735338521355722
0.3744728782965841
0.495878940687284
0.3570019159797134
0.5804339959746975
0.4417848812155505
0.07108732580260729
0.5363887940469164
0.818465825578577
0.8830389488519279
0.7337797016628531
0.615257518385638
0.4220347609961509
0.5378544538268752
0.2679348357679717
0.7307353491073552
0.7095510915289667
0.5838865848753307
0.27070174938574465
0.29911468067130714
0.7587010696324631
0.05522698152177673
0.6395287853596004
0.5739337598310931
0.9090867181757538
0.18008146335227967
0.3105708680234715
0.40913212004718974
0.16904711614719695
0.13840829615048017
0.46869732404129477
0.2889857813861457
0.8994839935179911
0.7458517827265013
0.9025391106874334
0.8991440892759988
0.16356123323156374
0.6889471901142898
0.34577381210231417
0.7290962863308509
0.877026357108428
0.4355127180586843
0.022929862764640742
0.8721836073750842
0.43712716908469484
0.8894751385822987
0.2570566659774141
0.058295064331517175
0.4909295195696839
0.9714438166451086
0.05311466454873614
0.04576844194631482
0.7363254469670305
0.8576674049788499
0.3885801953410728
0.8308546582010006
0.8666837235759822
0.6231117038020139
0.42063146174380917
0.33417240059830633
0.8630613704876505
0.8605097509456988
0.8566763105628097
0.6869639259111396
0.05066087926316875
-0.2539800384111657
0.7556535436759957
0.03630366280190393
0.03642879788136529
0.25813322563589736
0.3416430635918873
0.5121598585698984
0.19596707280657003
-0.09352140470621997
0.46881859438716567
0.9268555906084748
0.5542646208529386
0.8038759456564535
0.21398345152486983
0.22157006921760608
0.7984533676091446
0.7094380204177784
0.5392361273258234
0.30603035041706966
0.8980866956823971
0.3644848225526896
0.6384213586433285
0.7176748153327869
0.12876025122043044
0.8173613448685563
0.3884276052528675
0.2738232518538275
0.7915849462503994
0.5133876043628525
0.057646698052568376
0.4523810215863506
0.9222131635299997
0.8631163895214264
0.4883486690219973
0.8358740775220669
0.24227923777589463
0.6369645743330863
0.9825251422486101
0.30110790894643774
0.009698506208567732
0.9354359864438268
0.9366320891361565
0.1050370237520048
0.14362365796053073
0.18474584532249377
0.6265903763520907
0.0018924536548251278
0.45540623603597347
0.16705190505785664
0.41377765979385106
0.08410149238244351
0.6865510689081539
-0.02473843558148245
0.7121708600701568
0.44391894810016086
0.8859439370509499
0.6061605721563922
0.07253923473521645
0.5298200331664087
0.2937933761121556
-0.33824640604676326
0.9101977782543568
0.49492338300985256
0.004872216103970488
0.07612805884909046
0.9467703469981501
0.661785158735269
0.4480627372687783
0.21659578225473167
0.14142249673185692
0.34470223887826174
0.0644820342698712
0.7213782128550195
0.18638894567277145
0.35283029206358474
0.5941244299796619
0.7047526546447367
0.037786793735963914
0.15090860569591424
0.38325938856327363
0.9032926600414608
0.7627781008626284
0.052109122164092324
0.16293185204059493
0.49976650471597783
0.1258953150519376
0.20552829771521702
0.9460178564004823
0.6499702875747295
0.08150445379246846
0.2771218942848528
0.29848625775546156
0.6160957929082074
0.6414025969743063
0.7745000397293054
0.7601062996965497
0.03408892081651119
0.6017088771459863
0.1467223624590839
0.32129581259166834
0.32000111206891496
0.8491407259851016
0.8434093154742023
0.7924070098206645
0.7647732231797466
0.6723061184076186
0.9941758477664904
0.5379597470893289
0.6235795179993447
0.788473745058135
0.7067262173732631
0.8791258715532185
0.41124539515260816
0.5674525452907448
0.6672907583022161
0.29480655585508436
0.7618225647642287
0.7843544539507822
0.2003056819385557
0.40206724890603696
1.4354849014310556
0.4159517602258187
0.025936454660910095
0.44974977673707567
0.6072956527326887
0.41943690124086386
0.44335204138755907
0.16444498076375028
1.2237946315421837
0.8551457136431179
0.4167161218167409
0.21941308789294245
0.4622489323560316
0.8701862702824418
0.8504910303864349
0.33645159458436713
0.11579140809265988
0.9362334261021822
0.8752371271207235
0.8076596028411791
0.596449310277428
0.769085909762282
0.7353351459187444
0.08523397829231125
0.9538337875783353
0.7755655433587101
0.23516290243832602
0.9592503238241937
0.8320712052607779
0.6610055432963041
0.5732070182407623
0.31114266394893814
0.02144789115901852
0.1368492825488438
0.7970727356798167
0.4756073889217542
0.564834606869957
0.7591399677862605
0.2694038161151035
0.8178205567939901
0.5123278713148653
0.2778121154143978
0.6528122391755444
0.24787070342790138
0.04712157166058376
0.3333657512681882
0.1855538224464218
0.5071997009498492
0.9027351956722852
0.18511411697820715
0.32234702685216465
0.2953110963161658
0.9548297390886943
0.30010709011722225
0.5602752517867791
0.8511510361122964
0.3133592339112384
0.49887831513230546
0.5183173868648423
0.19528669674732346
1.324068106234983
0.13927876550516857
0.12449497055610594
0.34980301669743386
0.11779966549469512
0.6683106871929302
0.277365628939478
0.45957819800385796
1.4673657044207107
0.8242857640211932
0.37861550211778117
0.2325694709786157
0.12748905322800766
0.8168446178252646
0.23412457194170516
0.2916959326951543
0.46215589552811576
0.23262746557426656
0.669593277573581
0.8759775526958136
0.1821994376285008
0.8100930403891557
0.6434949308856999
0.26966013636722064
0.6414541088680277
0.7014318794755844
1.0199997647591905
0.6954890857042086
0.949147069855225
-0.008332359185757972
0.20792950204323743
0.9434027578961836
0.8036593159319767
0.8370613211572149
0.6905836838794468
0.0872952449123624
0.011290714773593027
0.39033405817247296
0.8374696217342084
0.029882496518383095
0.7759807675614523
0.03173795262602612
0.9636787437169563
0.21072923039316432
0.09402296554893184
0.9985997319704214
0.039026551911692076
0.8194002547957787
0.28183463524727076
0.19691768431027942
0.2288818196183508
0.3373551296549685
0.29609723059555904
0.44004493042490883
0.7865470167556792
0.9227224153348051
0.10579026919121211
0.9868670616727313
0.27921479827163204
0.05386080935295987
1.197017958653532
0.3737341510905143
0.9871013804011999
0.6402039590883823
0.8934250423764223
0.4910166253203869
0.1291251764520803
1.0203649818033727
1.296431181047015
0.6391707007619245
0.20184860624463308
0.45693009305405263
0.06410659622136573
0.14884740931943896
0.14403135734861677
0.5520808945814183
0.3924104640618991
0.6869930328480529
0.49475608890215966
0.7688300759944099
0.5454961387318706
0.9974840992274816
0.09617303272694407
0.8327323604467721
0.6729724613641188
0.7790622989349446
0.44547258594855865
0.763818483318228
0.3645703006101287
0.8019245302195085
0.12745719125043833
0.926288734734633
0.3163548982711068
0.8335744251973367
0.9766379505239557
0.3801583516495808
0.32626106468142085
0.536291345100766
0.08055619687500105
0.9944816544834755
0.16094876261554109
0.6056208088657209
1.0018097021585182
0.8901694985858466
0.5685021847374931
0.7197977778343122
0.5898536790974879
0.7003888767381079
0.38966998592092816
0.05141363243560345
0.8129842542847737
0.9416024542745902
0.2600947916296509
0.9717028019949142
0.3629130934898608
0.15325768890636848
0.5967771056762191
0.7838531788094111
0.00611034468378375
0.014499997015290679
0.47328499333812674
0.20352566733041663
0.9256257924892712
0.17141283144201053
0.46019650550414326
0.5005823478590443
0.09329738272588575
0.9778978400172541
0.28091990932249555
0.3711231751501193
0.47184389260319526
0.46130283659973403
0.4579389792060662
0.5027773394635437
0.4532925040579242
0.7211733563641121
0.23286542696410817
0.19852238542004783
0.22346194447357554
0.1155991476687124
0.3103075892494759
0.21872100342022927
0.9616633578744093
0.7287541585060151
0.9804735990643564
0.4252484904863761
0.9887936324273897
0.7421111674046974
0.2267875019643679
0.7925447394919236
0.4599780036720517
0.3095441078493267
0.8753955581689795
0.06326971284843437
0.48478570163522666
0.5102005745982112
0.5925878714308604
0.7133805894311522
0.31722569786070887
0.7202134184125214
0.7777130820289848
0.7743882531836467
0.7566255567942936
0.02704311626059802
0.43558945052717224
0.6516744286877795
0.26674454777465517
0.6965188047716628
0.7870144607634171
0.3535845906870186
0.8983281440339819
0.5705122962316646
0.9191399736154275
0.9745119304901911
0.20121250468727817
0.11532860359826061
0.4513984587634186
0.22136239381014425
0.5369282081178932
0.5701976351782777
0.1927190691194931
0.8188233007204269
0.5041623795240833
0.9943047088118401
0.40910090217870165
0.9148589950210868
0.5120470453378182
0.14698339012778525
0.8775835725527266
0.014117458525554188
0.2008250645483621
0.6706610492299467
0.4857718386739289
0.7174436360007336
0.8090783359269402
0.26631018497557335
0.5439093457704417
0.06268419086318591
0.8322247069747019
0.8847274528295068
0.6618695797758748
0.8304137742273897
0.6524908325203634
0.5629301539180962
0.24276700308942725
0.1650330873903288
0.26155750956877155
0.3341179469958609
0.4338124034547513
0.30377162358514587
0.9604342441827165
0.5410197739236752
0.23285747012371902
0.3461455868943632
0.17968202606082231
0.887486009712889
0.8367287224022486
0.8977566014372784
0.09969091075071762
0.05130551385844905
0.6215616622741337
0.12782679292456972
0.6362281811900993
0.5942682592369685
0.8398207343152839
0.1840051183192091
0.05839819920324716
0.41259528126732903
0.006771841233899945
0.8329657581935548
0.3470871431047465
0.3016030669623146
0.36724836685845524
0.3220349455853197
0.9431670448595428
0.777829974354891
0.5251583635851994
0.3836405474641985
0.9415856345890821
0.8900509536542398
0.8072409700637821
0.15329926935411914
0.34821941969795794
0.9261233095088532
0.5618312554796546
0.01571343554263707
0.2871736384832587
0.1985068512730217
0.855576727339325
0.18999329167677403
0.4509673630534973
0.1462164719384741
0.8422953195705386
0.8169306822328845
0.24154116674256076
0.05682926841242407
0.47910229712010227
0.17935194819299843
0.5904092905074334
0.3982973510402113
0.5419998544406551
0.5733156663843278
0.9967416848621786
0.12800675209704077
0.45684597134615373
0.10149982957012166
0.03548563088910686
0.5498760506143605
0.8636634919195944
0.9218038267059104
0.4724825217045768
0.5143615835740659
0.5502112263959631
0.5749135988705889
0.9883533795096996
0.02873466501169427
0.50994431895379
0.06027832416330513
0.6821523408262861
0.2480468642281594
0.0046033844340953815
0.3593209629931369
0.6015048979078629
0.07849024337997629
0.5207279866069714
0.9396350874025484
0.78208345480769
0.9933816577159419
0.7376921463740478
0.1440862052951366
0.5159895567606112
0.8925365435070609
0.9080874370565093
0.7323797550842392
0.11943994999600291
0.5121246119876951
0.25039463190065625
0.670708030934243
0.9759416889525016
0.5638886513944982
0.6788647064567183
0.5538492007108862
0.598482486495019
0.5670149384340726
0.683682797165981
0.15214505783467644
0.138707570382013
0.9826523128918064
0.395008241985447
0.4887551527080625
0.2947039288589399
0.4718262176748025
0.7245398168658518
0.12388003989253407
0.10063317789065242
0.1505974503870456
0.7931779674048582
0.0640522810346592
0.4295760188954152
0.3108453223302512
0.48015853122748914
0.9156221642759191
0.6462163277340855
0.35435661913047994
0.8181087881084139
0.7583785678839992
0.7883299705239397
0.4941739632373928
0.2694900474510042
0.8575330075521805
0.20711029610860787
0.34779130483037674
0.8677510666327478
0.4197152668123178
0.42567505912670617
0.09113328623161288
0.41372379219685235
0.1642148390686081
0.4103475844087176
0.5934665973842468
0.9130786891694168
0.8954929877469758
0.5990073416498052
0.7089525817250464
0.8658474452978999
0.32640880169101555
0.4463224345582921
0.5179016052425263
0.4898270783600222
0.3793364892889359
0.9652521786255139
0.43901738412770824
0.8550725586943072
0.5795885175330155
0.49067690791156093
0.8030516703750239
0.4963339728918269
0.8027543786384146
0.32996068266077794
0.3887940425636093
0.17200615735752703
0.8152352724262075
0.5193560263284728
0.9521601846309373
0.7369817965644103
0.8275230597845736
0.28153675349260227
0.7189550853895197
0.5436670355720078
0.20550036812914596
0.04672291370607246
0.34332197317183544
0.0417606483396375
0.12283044139446643
0.7364170538129878
0.7624814964032915
0.34839306219094207
0.22374366567378492
0.9254137058791702
0.025711602583637166
0.4101469870850529
0.4517853134678669
0.2990445870400068
0.410273164758629
0.6106837169498591
0.5616525436980881
0.06164020871173805
0.20028564382398442
0.831285121997375
0.2318171277461938
0.9489664331481867
0.2924475586960718
0.5610069971277769
0.5002011501385801
0.6503209671754328
0.6255293757131178
0.42322530428982896
0.25264450403997424
0.49375713904455265
0.16167645754183668
0.38354714050580646
0.03400529605708429
0.5057737815190457
0.2051011133316941
0.5940181535359472
0.9354487402390429
0.8982875884043724
0.1645899869066658
0.25755021510434045
0.17504796271809017
0.7402845404124572
0.2815172694340022
0.9680180094901825
0.4467398358268696
0.6731650777323573
0.3192590218611208
0.552057171914041
0.7978666237149842
0.29499731546583974
0.30412617284960475
0.33803002226516804
0.9400765445451371
0.7143884298151769
0.8017799327192768
0.7376923774532469
0.21549262085843307
0.1610321883707805
0.919626382735866
0.683780678509617
0.043459611868345724
0.7020428006244132
0.9413697586140484
0.2609825901977901
0.27430163090877363
0.17432268021273487
0.28464453413480273
0.16370055306284265
0.659091689099286
0.6808219364938334
0.7001698906836415
0.7151448529227425
0.5535503582567748
0.48053997017746697
0.8904132512962496
0.852688025371938
0.9846722393862084
0.3524624114186923
0.5342760351587759
0.8621087124824454
0.17102368430751663
0.5056117344437374
0.7690687519339071
0.8106931659794082
0.41800895460257637
0.9247654165296781
0.21144167861174762
0.16851815914321883
0.12549568008675133
0.06661753952201142
0.16147951275973288
0.024725789981751352
0.5047234181494615
0.8105769330514012
0.4761519551695183
0.9455144023132519
0.9159557051005014
0.652150024367255
0.570234025946649
0.9420179469965445
0.3436795527544942
0.5971697949795098
0.5083729168959152
0.17640077705658874
0.6354501381628466
0.2790525964835384
0.8842658718263944
0.9549121734038256
0.7660720261567647
0.8803229233294845
0.5973663182914616
0.06486818194064582
0.25527125571489506
0.2040504057958175
0.5212996060284316
0.8447600756938671
0.7135195841826351
0.9670524960888032
0.6380261931963723
0.16731907869158477
0.9072579745968732
0.8839624057053084
0.06111281078817021
0.08745037892988552
0.6668876583993845
0.4721495142696973
0.22364845223205998
0.025789414398533266
0.07420173350826124
0.9749880519854179
0.6006958769663305
0.426927958431638
0.7933961785482047
0.330946956431186
0.09177293779895852
0.8943560372001563
0.3080357525142098
0.038982568309610645
0.686815708882346
0.27568080741845813
0.7844888070215155
0.1825413035994642
0.3836117826925885
0.8883705585487024
0.38884997684312045
0.31905172162885653
0.3658953539387726
0.21691906456963822
0.4306031252863534
0.3225027774289472
0.5634633974151162
0.33930956286295366
0.18142268136083967
0.420204663809113
0.8095767171902777
0.6013301710440382
0.15332741766840272
0.1893864098825377
0.12173135879914697
0.9069691751281534
0.6717635977094312
0.0693862980138453
0.04133964083457039
0.5748746980318313
0.16895769769339025
0.5474072789983202
0.8415864353988098
0.3910703595089103
0.2779005174659186
0.47408591396316224
0.4434096221103149
0.14388724457342755
0.800335497048351
0.9020933779559696
0.42149035405180657
0.06327288049088997
0.1544709737173063
0.5939359378945573
0.8395302616992205
0.7695837630894323
0.12485670845752174
0.2705557927428689
0.9215965497041694
0.4955747235088811
0.4638448850744255
0.6716935954147586
0.09683628964265872
0.7973096806022059
0.5989942940430357
0.42619718732320205
0.27034033678019087
0.38741100153704017
0.1288895134427065
0.8617335506271767
0.07507381725527168
0.6858654230238246
0.02912396606588108
0.8774150666390638
0.48494814874626957
0.021003206293065065
0.8891199131636917
0.2352696617459847
0.428782376781842
0.8398348910363642
0.4695477402997574
0.7343308073987144
0.48700347313568254
0.23233660512258356
0.20359546272183696
0.8898773395027485
0.8816028301136102
0.6550729652784568
0.7050958171725056
0.8780203009129776
0.6093439238132472
0.3792620158296249
0.9193522375697987
0.6953437642927086
0.6355742346133852
0.15458699146973173
0.8661670014719615
0.56234572081205
0.16127381849561767
0.43438486296795437
0.7540346156982444
0.17719472229366548
0.9341874289043226
0.9195444622415614
0.1348844685594409
0.19781378419899218
0.014337016792772649
-0.1389994779919807
0.015757767173139176
0.3556006717554478
0.4379339999968195
0.16239915289685958
0.21102593453517896
0.8598156454065409
0.5793939039427404
0.39075062816496015
0.26262234939511353
0.7445315311369547
0.5647091851970469
0.20835381852643012
0.11672645778741282
0.8741271843018839
0.820503375631155
0.8339872171946688
0.9869291108358087
0.28286277062600346
0.6653714957448995
0.4851821362041169
0.5819521735095323
0.21712266968607646
0.828256177257767
0.29361107661530533
0.8861661006135816
0.682493749213379
0.6046006604509776
0.6050224488689939
0.8036674920869485
0.9933881163764319
0.5148083868864364
0.2789185220958746
0.17022514444077486
0.07140932589370205
0.9464622597081636
0.5910429875129278
0.3834948677441967
0.8203955847365796
0.13331799397484195
0.9961175303174415
0.829549425631058
0.25184229728478097
0.12153417769735753
0.4337274796892506
0.08447299045840767
0.40498399808297003
0.10245380509877804
0.35565563112028487
0.6300933708406964
0.6401442276499268
0.4178411505527682
0.7251338072740667
0.17110115957741345
0.2859955266237087
0.3166829476666871
0.5918575785763597
0.03465301121411614
0.5074047629558617
0.40779438051635564
0.11623468073979577
0.1907016093096458
0.227137330859865
0.9073408864862589
0.15022236889671303
0.30152219738730657
0.5858532621780735
0.9283603017875363
0.7741973684934902
0.48782931859216344
0.03921968309858501
0.804621168920984
0.36199383484004455
0.8280263902237407
0.11816960257718136
0.19130494417359478
0.6512095543113121
0.854126933632976
0.7731915703674649
0.6315769841220489
0.35969460892018407
0.03498719366720761
0.9027627635845209
0.7159322959872009
0.16952982764752256
0.3931857221156066
0.8612953207491543
0.5143604653803538
0.7811201250201106
0.4007091836620902
0.24634788376344555
0.8787906648905273
0.5496964220251975
0.12456500901026399
0.2997617202285835
0.2076672928285121
0.028208691306463994
0.8232224180155349
0.9694676509337683
0.3396708131645404
0.7812458929557675
0.24062409208978533
0.43081274403342684
0.6563857499573005
0.254627615669554
0.6352944505989585
0.15289474273919115
0.1957125456981156
0.10987283939465532
0.9611566034545214
0.010633757925634488
0.2755004184127784
0.8670488422525371
0.11103489675127487
0.9338359305941482
0.929517637657657
0.06967522660452156
0.7295661023385989
0.7540778545793956
0.659360629986117
0.47297434448735
0.26774690654841116
0.5723229930072397
0.6223426123558344
0.6940017064353723
0.25339351762463097
0.6276519436803742
0.5882925937033694
0.3671798508335136
0.4628916121070792
0.05511979561642923
0.5723912863573919
0.814049435665548
0.9293827749111683
0.3551482795186064
0.9370658059267583
0.161740565305059
0.8647970786838312
0.16100865353306407
0.15640005321070913
0.5557442444880575
0.3369037244836551
0.439351386025538
0.8793533678108014
0.4488828762717554
0.9516135580775594
0.8269885521094409
0.757022533532234
0.15558044046163644
0.226391127335558
0.13780506656089334
0.3393484179875592
0.820963182810964
0.009738852721258582
0.48846643730375067
0.6344383196947352
0.7846988914382932
0.7866332226327571
0.2567790586930207
0.6910383127043895
0.776376709156422
0.546290643499511
0.17954153370176584
0.6593509149303888
0.24411214602919581
0.10925714129526057
0.3271258726465393
0.4569630275012126
0.7234390478111841
0.43136035142374674
0.7400289793976447
0.9399983224935741
0.5781532276354792
0.8106931828618664
0.646411352087587
0.8335886672895861
0.26076477811046694
0.7813579344804188
0.7634503819391909
0.12000126902457295
0.004188029721867759
0.016094764361690536
0.3263567700295686
0.12088207073406948
0.6169374001223925
0.015639038437373732
0.2376222666927458
0.5757208487900567
-0.22492194191997533
0.8976652158884674
0.14197854680413471
0.011296835643462844
0.5849785033262538
0.32584590880096526
0.20313176094570834
0.35091386235463073
0.793143020630345
0.8924344303052213
0.6663480916641709
0.8447113559636242
0.5390285731294813
0.5123313050239705
0.7850492930848965
0.8345572514013762
0.4359960435810951
0.06544211982596965
0.5403249216555052
-0.005757433357667581
0.3177494970105072
1.0579739371005186
0.2988645272978228
0.7889010602655189
0.5237371264025468
0.5576467331405293
0.2226895031334375
-0.05323689034885736
0.8352865908052074
0.06553822794672394
0.22865705474091375
0.946996760118072
0.2634115495275658
0.8360269691393128
0.3272414482140166
0.7848891291118031
0.9883798717178716
0.20296513984199932
0.23098636248096202
0.8026824482815655
0.9441526008241118
0.982600825370276
0.2870611049888181
0.39297376620014657
0.07801179128346065
0.20100363289178944
-0.052495616001472546
0.16032100801644314
0.8879003548289433
0.13357672229378748
0.17566257744192015
0.6702836699071759
0.4417517886966348
0.1713239464638328
0.1752876550105388
-0.5284595457261559
0.9845389946465374
0.2952054799605178
0.1280802511834323
0.7982806085609463
-0.7501077907300353
0.3177832866378228
0.7968467451962334
0.7139829790787103
0.16325017360321378
0.5126946671776619
0.22130418347377542
0.8726112177668043
0.7015498754463686
0.6990295184429502
0.7154229426882899
0.039005201390893876
-0.47208307789751813
0.18824825551953855
0.22446860204817343
0.8699957577308365
0.11501185453084914
0.3856778586333082
0.9047807569042253
0.7467892515743516
0.8109150249560887
0.9959528375565792
0.9617419119661506
0.6732767683895166
0.20002880095554776
0.9026264770127418
0.2719205318429264
-1.0065059467942374
0.7324184338753571
0.5846142575688325
0.3207812632739246
0.6995978573632614
0.6535450066798576
0.36230774844340596
0.18322567440959148
0.7672128712949036
0.04355038664952174
0.36959828652500826
0.6500521219678594
1.030395135644567
0.5478058076306891
0.39167843028489085
0.38267859306912994
0.45707935077042067
0.6157180695040518
0.560015262780519
0.24567901402858766
0.6345057611828362
0.8469717383948115
0.8329902481895051
0.4900427102840091
0.5505085404175489
-0.26565673754000735
0.7874395321118223
0.1707713400496233
0.19017665408608453
0.9014014091091876
0.5565800742003641
0.9414654789644415
-0.2898278501637264
0.3998494201622267
0.5361785450576243
0.5483166256918063
0.448657887820186
0.8177899128197461
0.42681840079460803
0.5949064968704774
0.5086762066890134
0.6428851793736529
0.44407416948738004
0.6792419409392194
0.45342091661721134
0.27997279868529723
0.24606864372852294
0.8978358374729988
-0.560028702347615
0.6352661212569871
0.6717254743646981
0.337731148708723
0.3673503518466968
0.6875128393136495
-0.5907270807309654
0.9130649536997528
0.20037545035162269
0.478029965241622
0.39259001249671527
0.7321313155549116
0.3738311118001656
0.8503593542939004
0.31990325334338165
0.7090876684159947
0.9171775129176785
0.8154881618044487
0.27633523595220405
0.5598387460080004
0.3257513155143649
0.9694960867472631
0.46638261768139677
0.6222522065805259
0.87009022894084
0.5730129474021427
0.017312014579608317
0.6515866130464265
0.3776539803993445
0.537558374159738
0.4695207644915198
0.7809979687658646
0.627758726900412
0.30925845179091555
0.7027357975847768
0.4088250242543295
0.5987171800208192
0.17509881552939058
0.9418569746637552
0.08103088344453793
0.3198683070295553
0.34864275044314275
0.7094381558163854
0.9839553633953284
-0.4877100872704865
0.5909499547188127
0.9370625646131275
0.5061784299611524
0.7681934651397054
0.4041314041294441
0.9004295310031107
0.3561505674526922
0.8496285896824364
0.9996906645095065
0.7595023439781144
0.9585937673138845
0.3336790903782005
0.49645519621999024
0.7319198636070013
0.8737721274831347
-0.05037551954943989
0.551850442922847
0.8133510587564474
0.1130425767239996
0.20739779274014034
0.4173816913961882
-0.35898728202319985
0.5067721679397599
0.49982983176577805
0.25165398604425937
0.4220920902872516
0.459294585326882
0.6150473366238554
0.5651835685551868
0.489866697579257
0.41186424490744783
0.5980013321254618
0.7676632413164296
0.11100820843803136
0.9501537830658631
0.7947999786706257
-0.0304997601711286
0.354076267487783
0.2286846334268702
0.6241480967464893
-0.11565593409408231
0.14907464174387458
0.6843478636402583
1.3341301044069693
1.7720474504548098
1.875336093109617
-0.13536239848820225
0.6944342715949327
-0.3646073845978335
-0.9152401246807185
0.3002717598079965
-0.021189747162610847
0.37473134929887053
0.9273078059272448
-0.8053499270629303
1.6299973523872107
-0.5775114855416047
-0.760869826038375
-0.8766825693042881
1.0321811931648912
2.19559250947352
1.2151861828635748
-0.2802662074980697
-0.02246212391458325
0.035023432756373624
0.979995013961001
1.4703801236678742
1.2098879412868124
0.31326814781057677
2.2122523444508695
1.9785261025915324
-0.6643095603999065
-0.9072658490400818
-1.4751608734528283
-0.7808400294884263
-1.6859192193240657
0.8788386484464796
-1.0315504287305932
-1.6478700171288194
2.1253510383401593
0.09445969532623659
-0.24813651178619614
0.4040068331037475
-1.4774441499364062
-0.7446144186230206
-1.0252150768165524
0.7364929524497208
0.34434440897962393
-1.2185408989200244
0.5809182972199949
-0.9476763932678944
-1.1037650210732493
0.44565062930845156
-0.15698346924043946
0.7679172771220417
-0.8935392722636132
-1.6411358842396746
0.044497602783839456
0.0052520218861264786
-0.8839965660635601
-1.576275553712072
0.04059695530832547
0.2767380390285864
-0.6666647179342658
-0.44120703459897687
-0.2548618595818495
-0.5494444240563081
-0.6378939965962869
0.2992630480466781
0.6731448996554654
-0.2757846378072473
-0.8348589395541602
0.11998456158021936
-0.5495352550580678
-0.4387396862517732
-0.19384194095286456
0.4191788328584967
-0.36654441726189846
0.1762124522579611
-0.768098375111277
-0.6825721579921107
-0.6810270700040997
-0.5501723312493957
-0.1627597169964035
0.037926517459535763
-0.25678850267484293
-0.5731301949225566
0.11876637671515052
0.04347247304309205
-0.6121016694380479
-1.0495161708374336
-1.1221486857078606
0.7320230736428074
1.5960724737875756
1.8197284726935965
2.0797537452368613
-1.138503054791151
-0.43264920648571026
0.2896610851574643
-1.6114980634923948
1.0754704218520252
-1.125263513747909
-0.6219723554618788
1.8847925283080598
-0.6041209535885979
1.9522021568470915
-0.6057510769872427
-1.2224731115999314
-0.6671032821437329
0.13066027036226238
0.9200190595942654
1.0892603638381866
-1.2929095026261925
-0.6522552549514742
-1.4216066839595531
1.6279100801121305
0.09863049439017987
0.6259283432942595
-1.0587726950863223
0.864548049175047
1.1211135832811803
-0.9530447710165965
-0.9726282151010159
-2.132023516315659
-1.8107564890307066
-2.059589761736501
1.0026921532748725
-0.08261962692702897
-1.0560567068790996
1.6440698732623666
-0.3580420408945919
-0.724420956562961
0.7434160611089076
-2.1996788817389374
-0.27251799255177167
-1.2768503859645832
0.9088622881872916
1.664372074015323
-1.2732540790035793
0.30056356293197156
-1.1808242472873807
-1.6897982365268451
-0.10051095069999112
1.679167128625653
1.4109973670509233
-2.1216387468905964
-1.3230540532152013
-0.3870417106372028
0.45212582837433696
-1.1891004341163975
-1.8031794759494475
-0.9887689217191362
-0.575652447467079
0.37932436457336904
0.040877055345949195
0.44170229628052876
-0.3403215578024338
-0.47412864462767024
-0.511926829253285
-0.5890288362564833
0.19232983834436085
-0.9371596236988075
-0.1480687104211493
0.5273011193284903
-1.3349109958033933
0.19608160950008258
-0.8254758619585407
-0.6699392473594066
-1.3632649359673332
0.5137867799566369
-0.02092187233502287
-0.22164098490250855
-1.384674003441551
-0.7259697033031715
-1.1062931608224296
-0.272270147320203
-0.69751565743608
0.036005850031881025
-0.09941078767912136
0.14232281670298666
0.464985822937124
-0.6521973976920841
0.5435213917034677
1.208785786866224
0.42497859365422874
0.6882148370013217
-0.19018658163164903
-0.21002464141209085
0.393583679730743
-1.113493247926314
0.17536181413831614
-0.2916046263547597
-0.754372305762318
0.7807700865218287
-1.10458283645953
0.5121379329497956
-0.8735910643097615
-0.802575871422256
-0.1932880080215883
0.412347346793483
0.5727141630883917
1.0302519420535425
-0.8702134586063973
-0.19582257130048583
-0.5065568341127005
0.37878552214187167
0.2595754135264794
-0.007186251262786346
-0.1508475948689089
0.6819216662006132
1.3080814450237075
-0.11287376394399036
0.02596077218093682
0.6148058711878414
-0.025622622976159228
0.7965314636834886
0.033224985317052466
0.3642828450106038
0.8587209663972514
-0.30921493802030464
-1.1863407213231794
-0.8220681137565093
0.534193055975443
0.621326089644834
-0.3255006889476001
0.08097919585449138
0.8684065329515516
0.2378897185958134
-0.010891844772698087
-0.2710780834945753
0.12717967140608585
0.5089446279086651
-0.1442334035232857
0.5323392699562733
0.36605631548841083
0.6252561477852587
0.9332955544054166
0.41116821638985807
1.0694354881287191
-0.3691309544288292
0.5818356415373116
-0.10507012470893322
0.223526179688551
0.543528494858665
1.3638152910297858
1.217203135484124
-1.178614594710239
-0.1598482814412588
0.4165530915744235
-0.7275888867919058
1.1061769464189766
-0.3730776776230083
-1.2553665761640362
0.7095728264804039
-1.2443610528324796
0.9885351204432392
-0.8057833374102746
-1.566418422541344
-0.14573544517639336
-0.22114268595486503
0.5302942438715105
0.5362756376705213
-1.2320735211762366
-1.3442410486003387
-1.1160109495695716
0.8734439461547385
-0.7239495519113208
-0.302757612201276
-0.4137871953571506
0.1979920837329706
0.7748305327812168
-0.1822953533105677
-0.9931394132571031
-1.7198303750577055
-1.5612037705429438
-2.0542051546103415
1.1293035083969505
-1.2286917697227082
-1.4832257722427813
2.800632440977212
0.0741536250553237
-1.0689681344639437
0.08680149359269802
-1.24308973801888
-0.6802768070316537
-1.7141330560651895
1.0790737149843987
0.8254280276287638
-1.6517492774966802
-0.003187451357507552
-1.500798955504763
-2.259939891853782
-0.046374596474013076
0.9520892424149975
0.7445623309380227
-1.3360562284755653
-1.6648661005495358
0.027724276408724234
0.3695642930821276
-1.3569166684316705
-2.0116771493734897
-0.29235541616735944
0.9109231881020781
1.3476897416381661
1.9926293347260884
1.3623862381772118
-1.1137847430512282
0.24924188708182102
2.4599665766281977
-2.236329275512874
0.582916116534956
-0.2979851727923733
-1.2083502759019646
1.965523391593856
-0.057753598561984996
1.539763925910736
-0.23291376331156632
-2.2704257271453936
1.3740459582269773
-1.6423641698536298
0.928503528884155
1.848122638257997
-0.22901538155492474
-0.4398817996090246
-0.6288956661574319
1.8055990094134957
1.317425469236911
0.3446790635536011
-0.5840307825032864
1.0614444454458916
1.1421024738730678
-0.12395586651303159
-0.7872657161458871
-1.979772850737006
-2.2272235849085513
-2.537694437955905
-0.08914730108165693
-0.4759088932399116
-2.3278140995383336
3.4353001571962225
0.6023290633380403
-0.4027144944935978
0.2358989102660203
-1.3682216349954512
-0.3949975258935389
-1.85185581691829
0.7056305078352083
1.2352561181539012
-0.6414838677532819
1.4513311088205785
-1.4255488288233538
-1.9887219869655193
0.6012588644750629
0.26053192330698455
1.0084166080004262
-2.0011469114665643
-0.773428256527572
-0.14937181951034217
0.4913007082968005
-0.7830138981368289
-2.3690037078642288
-0.2205578701681433
-0.47485278975637785
-1.542316955761548
-1.6784976865434047
-1.994325062574608
1.5993136790624198
-1.1262559825838752
-1.7924083927173673
1.5995531166378554
0.28675965231118716
-0.8712839959125114
0.3479902731114536
-0.7563083320648294
-0.3154198197466523
-1.5600281324881478
0.2656249769346363
0.6370868377782004
-2.647713819228303
1.5558761970285513
-0.9598602153546275
-0.9059483461323599
0.41379759854149295
0.45863276535686937
0.41812128313256575
-1.206530517799441
-0.47603553457710135
0.8523941805892014
0.8820653614921424
-1.307753125337109
-1.1188452393176056
-0.15270223216207895
0.23402830414616235
-0.2186362966698602
0.6868833136484488
0.12052468887973855
-0.9467521586354418
0.2809208005705197
0.9292272323358255
-0.3403907923322842
-0.747709058181357
0.17798793945073274
0.5832202773591026
-0.153530082743996
0.09197900559457842
0.35935172938946375
0.7796420648767445
0.2352817819298385
0.41773074377186226
-1.3544838026763424
0.7102943985618275
0.8914016561737405
0.009567406150822983
0.47401997397327383
-0.2593694826052588
0.4001079868440048
0.3185012928392288
0.15815483360032298
0.5094546171225655
-0.28145181695731575
0.6459159987178531
-1.6555656666275869
1.357744110825615
1.7395377230848634
2.7270365926432194
2.0888434463545087
-2.004233621427366
-1.109120072682071
-0.8015664825313231
-2.4604264611259086
0.7057639447913916
-1.1075323581628607
-0.7094891195158014
1.8537473372852848
-1.1922167096837666
2.3320822859992867
-1.7329380978035402
-1.5340806304757046
-0.38235432052507695
1.1861331843525573
2.1361319296719787
1.6787115417764855
-0.6377867521450586
-0.9606981228714372
-1.3775994999463215
2.330686118120658
1.611991916076713
0.15279837071953928
-0.8446291942379969
1.7703527985202825
2.5494103329712257
0.02237425885217724
0.0361839624929094
0.02211131997094771
0.6868562057661387
0.5120288355776093
0.0047776757018058134
-0.27024803952242
0.5183077616199846
-1.0288069932259434
-1.1091638653068048
0.06631088984898718
0.5566078052586372
0.5951237233895713
-0.0035831840862808
-0.04581066227872641
0.3636965953661231
-0.10207835731098787
0.5163103162686474
-0.540466046915602
0.19297081198781643
0.706299666782823
-0.4739624726312409
0.3379252763516613
0.603520677914844
0.47948946894866806
1.331914278284466
0.8728288980529374
0.3743817256223342
0.06714889713234835
0.27299432308072036
-0.456213450367035
-0.796465139037953
-0.7210791755446567
-1.61023205682509
-1.6648449405463401
0.5592301759355001
-0.9018469219674222
-0.8873385148466821
1.112990877722082
0.053601083707275086
-0.05870437976744069
0.395672562027839
-1.3267915362646765
-0.8025891485895715
-1.5175336213088515
0.7150868700541507
0.2380870304203771
-1.2249114487006227
-0.04757300522981801
-0.6809028648611616
-1.0613987290052989
-0.3365460640552497
-0.23517616553020407
-0.3453506022732811
-1.1311887981591437
-1.0353947549467812
-0.1784700679261956
0.0977226067745304
-0.68277017254467
-1.4948274453893808
-0.7605993815609274
0.19785610494591982
0.8068036333912814
0.8415220610093455
0.8778336789134582
-0.6361008968927596
-0.6045957997016903
-0.03652239716669367
-0.3669490416245161
1.0354377772970291
-1.160520512457581
-0.2310123076627927
0.3470861095651868
-0.4040358921149976
0.8898688577849855
-0.7979906359781997
-0.9199183880385167
-1.3700335939488317
0.13316569454909866
0.6562522244086676
0.9292837132879261
-0.625025649498891
-0.1332755850994301
0.05703592463335523
0.8595086768120603
0.23126688805274048
-0.046571950378443874
-0.5181290161531269
0.1433209694524697
-0.026949793736615983
-0.3891957943561755
-1.1218003105514227
-0.4311561823418905
-0.9130031020960194
-0.5354763963921874
-1.2553912374193608
0.2142831413864743
1.7540531909468726
0.3905971704906648
-0.4578503638346386
0.0315601660824696
0.24280521150782045
-1.2282728749521263
-0.18148027812744666
-0.04513093893012414
0.6846340425106088
0.2704743526993537
1.4116460134766302
-2.5855152475456844
-0.6536109772959895
-1.6942802768898995
-0.5234462472960995
0.6893225790381231
0.561871883284073
-0.929338818028332
-0.8391766065342544
-1.7038777562362222
0.0031924673845570416
-0.6397587179065275
-0.7800930580713131
-1.2248753216965178
3.054319525198788
4.530649383888477
4.476638958092169
5.427730500711759
-3.4190553761499065
0.01606598728647604
2.4964922099556706
-5.302454060453703
1.904269114787489
-1.2564109331239592
-2.777848702172733
3.9793659156444616
-0.8296065669760968
5.242209853635239
-3.218649942155302
-4.091504436881568
1.8109239096352507
0.25344228427610116
4.185556004427513
4.341964359200246
-1.6742351866580072
-3.469815113134458
-2.5315900042211905
3.9303938180595104
3.457315469368448
-0.03394534289264769
-2.409858585788871
3.6060988594246264
4.966972584947598
-0.7175928147399349
0.45132701114211604
0.7402864603851215
0.5134929356733172
0.5867815836387387
-0.08744979728846285
-0.5133914238597025
-0.1676005896191188
-0.41393355893187195
0.2743194223454999
-0.9902088287535402
-0.5858422817834288
0.4125492764605273
-0.9435425908040292
0.4654038453614372
-0.11647013496577271
-0.17847483103736964
-0.021093875363967552
-0.03426000989615904
0.29385332363609146
-0.03063742693653852
-0.18119603102400886
0.2945000464336706
-0.02864735732691268
0.2835573694758766
0.3855032153001625
0.37599557620094487
-0.17499569028791687
0.818697434720918
0.7553034391297477
-0.437019538636408
-0.35158735244239675
-0.46562711641044796
-0.8353249404727605
-0.209874473830535
-0.12910283259740685
-0.32612254583731287
0.2797557537698177
0.40746226437155625
-1.2112007315570468
-0.09119462654004275
0.15162387662548962
-0.6142339611301294
-0.3168586079491454
-0.8369674457137071
-0.023344763663117815
0.2769915472522875
-0.5654628110361972
-0.17461403750916624
-0.9906340862205878
-0.8785955629647204
0.431829308426896
0.15845902567739936
0.0830654469903257
-0.5304998737439112
-0.9071056468235028
0.2876276266974096
1.001883022757305
-0.8664916836203685
-0.8918549816560681
-0.6716824067229975
0.4312468856380859
0.7735483474101095
0.6788090702868624
0.8186801856282477
-1.1734248914374725
-0.0588474236472765
2.05280633504532
-1.5129236174738685
-0.08975835060559327
-0.006768453284273636
-0.2480621779092753
0.6866330564087332
-0.0681524780710867
0.21089140592578132
-0.37383913790949824
-0.3068985852160796
0.8774819062748355
-1.3508656040937916
0.6446898049812839
0.27882464536847473
-0.7277057540154352
-0.9017090447550351
-0.9055297217733042
0.20244007336483527
0.6403634134885753
-0.32081387576608655
-0.5667730857482247
-0.08902265809425791
0.9779484917715026
-0.3668335804864211
0.24374171985519905
0.7420138190082813
1.2187341489550632
1.350943937414202
-1.6552616461223288
-0.48229987556315684
1.5287746480099342
-1.642866520535969
0.1317500482899744
-1.1718923020087517
-0.7310681706060539
1.1485400678313566
-0.31297187014791483
0.8180494249832607
-0.8234945563195099
-1.554662013829957
0.44620022268778253
-1.5470237940020934
1.0925543109358185
1.3305349803273299
-0.9281449000283877
-0.6724154488792399
-0.9183452403331143
0.33683166146940335
-0.017372362700644902
-0.10467140100532951
-1.7427053146991711
0.8592384857567247
0.4060861380918396
-0.05704787855751646
-1.4251665949113614
-1.2627191228510428
-2.140832681420117
-2.2478455478681325
0.3160658765082428
-0.4978329606215012
-0.39452655266476366
1.6954639091926058
-0.8148931879267649
-0.1928188227449528
0.1398796968581624
-1.4270259725962624
-0.8012211688854646
-1.3133205173577778
0.39944873976472856
0.8294153727986749
-0.8059425761999263
-0.08327372859377774
-1.6505701237402433
-1.203238472553053
-0.7378296642032498
0.8676495683891765
0.2940472771413173
-1.2635557571762204
-1.2574329583101032
-0.5461997481877059
0.17270304178126833
-0.7800668162871026
-1.8055268827402475
0.0016697393100074751
-0.32700646487014634
-1.0527024896919412
-1.1936923916672504
-0.5786138959347294
0.20974085948918542
-0.31505966011905795
-0.6766802315579343
0.8244188478672629
-0.27838731250907844
-0.5130985678135065
0.6163029249123524
-0.7197388394574771
-0.3093692661541235
-0.8021122769463132
0.6571974704170392
1.1072828456158321
-0.5854035465462524
-0.4506949748453986
-0.5463203891128847
-0.5369417200026064
-0.2750752110031298
0.2105859396057051
0.061996031447738666
-1.031222504503005
-0.8310751858590464
-0.41973039347494256
-0.05740504095579689
-0.8127692691458628
-0.2587463433021543
-0.7076807746714777
0.26007167950704746
0.9141088646032158
0.6814839888098636
1.0492082493923587
-1.411110796109255
0.49274323487665556
2.1671208098163115
-1.3537832408740003
-0.38480818556622653
-0.7849790264642441
-0.1200180244125023
0.4928113183867843
-0.5498435897162683
0.1022671977197581
-0.4922147480189932
-0.09449986376963765
1.6623389522521925
-2.0730457717241433
0.5940722030906103
0.726789041968181
-0.5884499594677005
0.10904071562627554
-0.6539531777423125
0.1388469229163143
0.957820703644951
-0.16805147606955703
-0.5705498092049306
-0.08266637234068319
0.35315176792368075
-0.28285103829282543
-0.367936677193315
-1.8000949990988842
-1.8731522067825799
-1.726702677123435
0.5540941593653956
-0.6489240832246504
-0.6470731420397966
1.8358906511085178
-0.4339110728931483
-0.43163449089561945
-0.09424187503186278
-1.6715219268380535
0.08797280341396073
-1.2630051374576927
0.3615488462050947
0.8991833856844016
-0.21815681475281132
-0.7912936866957498
-1.884870295187192
-1.3860352921326513
0.4463522315509014
0.15154463692457293
0.23847659848913136
-1.1371935196726433
-1.246246493762458
-0.524609290532655
-0.3371336528294475
-0.9329657367646413
-1.8791892030867472
-0.4449818034358041
0.30324204485011774
0.9875095824306289
0.9509150517849417
0.5133954035211302
-1.144170684908321
0.09936177496808062
1.7961962201553845
-1.4956779159517553
-0.44631081257969674
-0.488605144311012
-0.49284045945717936
0.761642779482888
0.12956266310244008
0.07115851946872946
-0.8463433656938637
-0.5212904802515305
1.3523995895817793
-1.0412034712238316
0.4113496068489513
1.1051881042518383
-0.8551447012233062
-0.6412495088267589
-0.8419885554469829
0.370799548805626
0.6592050854242052
-0.013617077969859004
-0.1215292669228016
0.16187600913548322
1.1535730263187363
-0.5767984052604659
-0.9901943028763902
-1.4171956655071345
-2.1521054147715484
-2.014611498897863
0.4043395424235451
-0.8590318429175913
-1.084567953666511
2.076308406773818
-0.20421823057669392
0.2545248768237976
-0.2979648124667072
-1.0129601652566647
-0.18431884689929479
-1.3463538128378125
0.6488814266160543
0.5387834847289003
-1.2367949240603817
-0.7152111228510056
-1.9062584024710953
-1.7158691728316973
0.5016178141794012
0.08862530775501273
0.16786422070236603
-1.3234901882954213
-1.4255718899135594
0.44474665501171073
0.06530512596522171
-0.9242541283426673
-1.5107410447188148
-0.7762406553806326
0.33264431964616564
0.9614580077429915
1.7280667057058188
0.7021326483882797
-0.8333990297025593
-0.9694260142220903
-0.8737457886587023
-1.5481446003597472
0.7779088202273536
-0.8249390119997991
-1.7657534946806928
1.1315565655426074
-1.0483047338867426
1.5349504195338994
-1.6838630822343248
-1.6350443938330559
-0.24149743369587373
1.1252067511926345
1.2791272854249232
0.7653691868863866
-0.9484862782899336
-1.3248955690591557
-1.0813833121287197
0.9520011763527002
-0.23669812330651235
0.5725378477175199
-1.7728256131658893
0.5322217558649394
0.6868026535308703
-1.216321663161117
-0.21666919198142182
-0.4719367297966474
-1.23777479413668
-0.7210377882131423
1.1168466468543086
-0.4716560800612521
-2.703237981545206
1.4465976397214897
1.0403126105328657
-1.054923713894076
1.2345603220544181
-1.7310660782033502
-0.8229913937529665
-0.5389895204344727
0.9186726326658576
2.514603741231233
-0.7811223644528322
2.3358934303937353
-1.1737675749563867
-1.1980567338934354
-0.5517198116851472
1.0183122255455321
1.359504040364538
-0.9924494113729012
-0.30354309990847117
0.10234076647643314
0.8733195807378407
-0.39674243048653307
-0.3480474897471465
-0.4130939316700065
-0.10416098390750844
-0.6486863462831148
-0.941763991094469
-0.036270385672385656
0.10701730457262612
-0.5271448109730097
-1.330915625624111
0.8280142168431002
-0.8886105926136499
-0.6818286849003259
0.04581649282455713
-0.6689714150320849
-0.2717248650304899
-0.19236825032591542
0.5357582559243136
0.5432161181207243
-0.8586645806332218
-0.04087995894034695
-0.5175467876361138
-0.5438126740432682
-0.2191987055167386
0.16379309309847362
0.8017367817656262
-0.7398911413246212
0.2577094142939735
0.6854638270217157
0.18039384818414259
-0.21319506016846007
-0.15446119522036889
-0.6019293953277416
0.058192064853403856
0.6305437747448362
1.0155798480870508
0.7914992533494072
-0.220063226488881
0.14359325315492688
-0.33119104024769436
-0.6238595497115406
-0.05833570429782408
-1.1201448558249418
-0.03023654095941653
0.9949049349270952
-0.6485502168098931
0.6102943779177865
-0.592983929341211
-0.8417088900620163
-1.0236132873031691
-0.43407040770619326
1.2088465414917857
1.3520904325971512
-0.5778622449702194
-0.15763765446924
-0.38438950051384685
0.9616609801391921
0.44517243980958754
-0.1908453646107358
-0.19762713145443814
0.76557740178681
0.871301102187443
-0.2506574755973979
0.4753518809862777
0.9499034967329149
0.4053571304741266
0.11992150286228538
-1.4959835754990793
-0.21598075440637882
0.5713894027780314
-0.6851064351051348
-0.08257852750118098
-0.0038481672223626955
-0.005095153748701875
0.5539199425273017
-0.09215346048834773
0.3393582585696189
-0.9408090303384099
-0.6881645078073899
-1.2018179353444676
0.025157214686380023
1.002132468797177
0.8091511858510686
0.3096326784900756
-1.0037596279253935
-0.2561380856400215
1.2781100778139354
1.3145890839506658
1.1259768714392975
0.24339045614709054
0.5575141083528398
0.8094216854239178
-0.4707378269590329
-0.23838158317126437
0.21081622194006833
0.6082124378396501
-0.027879354451083638
-0.18233410061941993
-0.9703542233371607
-0.057833693853437174
-0.06488837510048959
0.3687217555472491
-1.1877507620029621
-0.9526645670442502
0.7595734022031438
-0.3724665603476778
0.28574511995502
-0.0814838842997943
-0.17160013625934742
-1.0155526955595833
0.8343179377806904
0.145932298498641
-0.0030575347352632004
-0.7566216311237085
-0.4928973313863744
-0.4432461642994182
0.11751722461259238
-0.420000964513225
-0.10558106886402163
-0.4226666957703532
0.656698933529861
0.8004993244252935
-0.578146401968196
-0.8896694351509973
-0.6247195018687423
-1.2207480492202678
-1.0282324011685346
0.3287574671836722
-0.699229915286604
-1.2623222639123184
2.1930727654542324
0.6509536573985301
-0.8113427143005869
-0.360660900895917
-1.1228410929138206
-0.5300375536593023
-1.0288639935937403
0.10307478005854447
0.7202231194303546
-1.2126849335498122
0.18010411473341587
-1.0951767505106762
-1.3856305526405561
0.03537701763215296
0.4033944187490032
0.4288525593566873
-1.2218824325138975
-1.3848901667662399
-0.21771904280144258
0.38234196240825613
-0.6914668657932987
-0.8437809273434724
-0.34426893723494184
1.647096736188922
2.255402920700653
2.40593016327763
2.6491086614753896
-0.5305519354175137
-0.2039858017043829
-2.3329155748311794
-1.1557645393919336
1.700312521776799
-1.0842137003089911
-0.23036410335432628
0.9710115493635877
-0.35026558393201385
1.8943436091002415
-0.06745246485106274
0.29307487913439095
-0.6844552870133459
2.0205657864464537
2.160581798211005
2.0684017089668703
-1.1406912362027288
0.3772144376604472
0.05425154051902485
1.533280132611013
1.1317947999967928
-0.12984026897839412
0.10858215711607479
1.5854614810333227
2.1351218244612022
-0.5320284664584077
0.5438657794887666
1.2814022254694744
2.3194954010357347
2.2803832933654977
-0.5605404244230813
0.8266885407905438
0.21163545242892534
-1.9170312552710256
0.45738044083608315
-0.3908588463916371
0.5667529907763855
0.6573116782256351
-0.6374508190375489
1.9469441830527099
0.3662613501634596
-0.2885558307890632
0.3394541979917329
-0.1151833000091293
1.4763435947900647
1.8115924985726528
-0.5692112490043906
0.06639841955387894
0.26574077217026276
1.5492907526951478
1.528161083390522
-0.06558682630359386
0.3593040325523003
1.7203042366517334
2.2366057957931615
-0.37073785816892807
-0.2736154043231434
-0.23415283365215844
0.13918856542488792
0.42192328858682915
-0.6159913249342426
-0.1504755543977479
0.9966539083867135
-0.5429560881288091
-1.2173844033393677
-0.3200738538532697
0.780172303205628
0.5600880314918477
-0.29693339184352663
-0.059409812503213484
-0.11006065794443866
0.42256798652340566
0.7574332785979028
-1.2447607919428132
0.7280203531230015
0.8970330618268432
-0.6640888862156996
0.5671035202109572
-0.1479444923953909
0.3176774130556773
0.8810048840878445
0.6065357745446079
0.5423845096574877
0.41660605413970087
0.5591076919548035
-0.04942538016554488
-0.8850382865749788
-1.4177622482331262
-1.5788160231893338
-2.0742645853086468
-1.555510242741034
-0.8345130678766611
3.7092298538055997
0.7145770174112762
-0.42065118600979834
-0.3134231078067425
0.38968849532358607
-1.81980252385582
-0.06466825549210138
-2.1565976199425223
0.12270986066224136
1.1018907899123838
3.813965326935565
-4.688687234695176
-1.9657250947628686
-1.4355137079365186
0.05455059509979225
0.07624730031431493
-0.042172983788442996
-0.9862167670310494
-0.060341416768140685
-2.2040141391445593
-0.5505690930614198
-1.8686320709880422
-1.5619202586036134
-0.8783125346525893
-0.08240000563818278
0.062024811107846495
0.19357065032195417
-0.3103897735466544
-0.61568764398827
-0.0029280331708799764
1.1912063171608689
-1.041793713883865
-1.1504230276466831
0.06142891928430751
0.5911403702532187
-0.19179839049796565
0.049861237199488824
0.016612656352471222
0.44262945842857726
0.41152500562016303
0.4923497138538363
-0.6270350245784252
-0.2550320661013742
0.395329166807788
-0.8707223565416122
0.5922154737352529
0.4153496311555693
-0.46745815823246845
0.17590115151854968
0.2338132488734624
0.16843647250518604
-0.7036926416765198
0.6599721063885562
-0.5548918018220202
-0.8154725664532321
-1.2730874170346467
-1.199390460868665
-1.699716672313522
0.49759024412998265
-0.6499035301364502
-0.2907248098473032
2.1362130489457027
-0.22671670237991484
-0.3762625784092132
0.9615587838520957
-2.1152930106564947
-0.00029945805790266644
-2.068188306503914
1.2545396003797107
1.689907592763851
0.2626073643213145
-1.2303583611556062
-1.2036422963257387
-1.6655752659930225
0.5983827180696325
0.8121071759969425
0.564565094810913
-1.4309989427812697
-0.7591951150852863
-0.06500712934087077
0.9295514378551702
-1.5114864442924345
-1.1736397095364413
0.2588013225068531
-0.041578209816187164
-0.44154129093695266
0.00853588889229014
-0.6556243622282174
-0.4376784537846622
0.10241445188093358
-0.5394059990369138
0.39436244086738825
0.16621215459675961
-0.10523215485473701
-0.7083676001133302
-0.36484621206127393
-0.6456640358253904
0.470167521125923
-0.2908524197366553
-0.3354506796596198
-0.7070237372473239
-0.5925535575084807
-0.41450975296575965
0.18589844380423962
-0.23153645700061268
-0.4588780500351054
-0.18935859602080476
-0.3626764572714424
-0.19542488375184083
0.40631647743844823
-0.2988185886992162
0.5151206338577338
-0.14931864554461355
-0.37004196330714223
-0.504074193752681
-0.6772368198423939
-0.11789664389315083
-0.8986579955609032
0.008988506783229995
-0.22763601895903648
0.9048599581644822
-0.24427696788855063
-0.8875415577273028
0.267613157216727
0.4295239932091611
-0.4669006773286943
0.10916766021272849
-0.23279081630426487
0.360065288961185
0.5048517422504263
0.3689515724546768
-1.324549179595162
-1.089792228982141
-1.3145307097475707
0.08174611359825025
0.5872216507712925
0.09868713099508747
-1.0889375627591995
-0.9625386043675481
0.36231496180772216
0.21131647126206424
-0.7263838197755957
-0.5417833619926629
-0.1313792774415937
-0.5290421397600729
-0.3338143158365057
-0.939339894645248
-1.137872339609737
-0.40890435304771955
-0.3618406583575109
-0.5875471697758123
1.5306283006284112
0.8653540933915526
0.1536741350482212
-0.6141993967781755
-0.4701277890396453
-0.7689860774403491
-0.8984591278428616
0.11132097830821461
0.0386508115558594
-0.9671096709358282
-1.0626981908228272
-0.49551628147243215
-1.3045072235869812
0.4100381880449651
0.285579413140899
0.577841144669499
-0.4544447576781623
-0.4674431908876523
-0.2595743713851215
0.050034191322710635
-0.4827314915588444
-0.6149400210170071
-1.0591214970679275
0.5956272941910677
2.1532866114632268
2.374059745767569
2.3976779740841123
-1.4764389471324477
-0.5617324389750171
-1.7393601685223508
-2.572788473945156
0.7145219670201483
-1.5160937476223357
-0.7110104575700095
2.3068430812454164
-1.3096364230985347
2.8241197989510547
-0.8909284754390638
-1.3422579546899676
0.5187988653549147
2.094887325608573
1.951655646390273
2.64704705478766
-1.701877986973811
-1.4342878326901258
-1.0707066933516336
1.2127208421358906
1.9855737701992986
0.12181058439530307
-0.5291668206741474
1.9025701753486792
2.521949353003602
-0.1345026082150794
-0.4513708356891831
-1.3821976944356897
-1.4715261526276562
-1.0277222805251645
1.1571728919473079
-0.1825499499417219
-0.55916335363836
1.066236717978228
-0.4347653628861308
-0.3663315684559421
0.6195466997909694
-1.3026428612599277
0.019212628652142755
-1.2304011006329734
0.4568682460213864
0.5567112064044138
-1.8219098536666873
0.17446607342333087
-0.9911365290188267
-1.181228842310466
-0.12563786004449637
1.0965238082046482
0.9302040622381151
-0.5398877595424554
-0.5837283390466852
0.6705516337168833
0.17827378721003062
-1.1281955280658444
-1.639658824263551
0.26586175097277454
0.06538052967153385
0.009345251895911419
-0.45941920611844184
-0.23185647957399425
-0.9376813896096754
-0.49345953087100575
0.2751660998815756
-0.314748338770814
-0.6327850045935588
0.12419448497804084
0.3822876196043428
0.07511574336775556
-0.1435545485199308
0.18470624185610993
0.23761049495353037
0.0552900249028718
0.6454056963368856
-0.5855917426745934
-0.03974561080341456
-0.052468078690043614
-0.39138010433279785
0.5721633649198264
0.3318093919197176
0.014157537523881554
0.13235663989872054
1.0935783530030612
0.7409095066404926
-0.0661604350178359
-0.6547522426228904
-0.4237335195865826
-0.28316276681821817
-0.695550995208435
-1.2049154579058838
-1.2689203971632739
0.4707962592889207
-0.8770743195453358
-0.6018337957660567
1.69901286340708
0.16700764218922767
-0.7635943793723877
-0.2422258078964767
-0.2912475156693877
-0.33296681733933525
-0.7970011542729555
0.250644271502142
0.2730221705712104
-0.5083316875711207
-0.8599700574075652
-0.30007119385216185
-1.2395634542366163
-0.011912420119898109
-0.4256716828564182
-0.3063685007379565
-0.5781271991892599
-0.7700788566864119
0.14626789506457913
-0.06664469030128257
-0.40012925305886815
-0.7762250218208306
-0.6739388166085635
-0.4284733309770015
-0.17022946302496372
-0.41731327900322446
-0.8024991079472508
0.34613366430865766
0.06227492632131615
0.037664476560544294
0.34456130997737194
-0.2784963527869016
-0.037267057027173936
-0.23681440381268076
-0.6974041193377557
0.0001714071282481798
-0.177555340357159
0.6395263628287757
0.17095584563139732
-0.41676035693073643
-0.7487176888233419
-0.8596283299306128
-0.37452743255574367
-0.7127765003488009
-0.20253879837042835
0.29465259307073877
-0.2905077874755807
-0.20641420385250278
0.6392920899253043
-0.16214121176056706
-0.4415056665440828
-0.8914515963551052
-0.6657933550892687
0.004360313535798152
-0.18359493945369204
0.22003199861164546
-0.19028430570771426
-0.4232776368880971
-0.2357419526117107
0.2441765753957213
0.7795520891400523
0.6057151449596464
-0.2600375656128368
0.08982711478547878
0.31718404035668984
-0.8384511171411028
-0.5653247839552648
-0.3607917121541997
-0.5893689886531152
-0.6152387757125839
-0.8925513460260257
0.09390037016868864
-0.0943364987987448
-0.1736071510240004
-0.5937820303977881
-0.1970227318237419
-0.24518690059483922
-0.7323444878080958
0.2974348963601792
-0.0009357549846485571
0.2661345439627459
-0.061232179853109865
-0.1861697800770143
0.8166689380157498
1.9220890643299566
1.7472772893168416
1.7643403505211734
-0.6095463416414553
0.2998621333433178
1.0344963257264717
-2.1629031469223734
-0.7254780279231793
-0.382938062121295
-0.32674533791424626
1.5669727888987854
0.122078403759741
1.5597315171155854
-0.9025864134464687
-0.9740372967649699
0.8315361305218769
-0.1234420001618716
1.9505089779430382
1.5480857761699263
-0.7743287270346705
-0.6893745160559027
-0.3412316950128526
1.7477776095184832
1.183783799234882
0.6298571599101054
0.2704928663382892
1.5876439340882587
1.7151803679230389
-0.4640302956210523
0.4543113505522568
0.07928721712126154
-0.16603437499839324
0.48825408207041565
-0.7017846446963313
-0.5951909727461008
-0.3692433548718562
-0.3174087192842127
0.21884438700996897
-0.7758739846126174
-0.0665390742378634
0.7257127819475162
-1.0318899005793543
-0.2622445886120164
-0.5821386145935991
-0.3746725271200512
-1.1661467585132361
0.38211146224669235
0.3098138630789041
0.39693900297277773
-0.5623683068317754
-0.10510094408877943
-0.281953746207419
0.7718036830975696
0.19304173135355235
0.4929227581702066
-0.7211275393827272
-0.11658728626681207
0.19735675385201593
-0.3507694747664563
0.03962552829667125
-0.39109112294810455
-0.5081208464247374
0.2218563777131238
-1.7349662932366505
-0.2999996876681764
1.4975144438607353
-0.0011100450928821746
-0.4932994315569166
-0.006080929216241145
-0.3651835991389318
0.03778424282982704
-0.5945851666641537
-0.26619496991755165
-0.658143714691107
-0.2380153858539405
0.3475831621273442
-1.5526326741847805
-0.5924506403872163
-0.3768835504413122
-0.13540198113531374
-0.11175810051218554
-0.8183323152164971
-0.27453595212567483
-0.5656822188973888
0.05090365294113738
0.15084258237809106
0.22281540379789075
-0.5815560713728608
-0.4050238840985873
-1.9821201380650795
-4.681454928591784
-4.756443985948655
-5.671320618715605
1.2643079869076534
-2.919597373858959
-0.6883073290151642
5.97967895696836
1.420641722922833
-0.3733462027060401
-0.9564992403985403
-3.9253998988179095
-0.49825504553482525
-4.868489257844268
0.03407655994056974
1.6006279136402912
-2.3063234749076154
-1.25958474848856
-4.463160272324835
-5.4651408661631065
1.6003825211470895
-0.2666438377741782
0.4962801647483249
-4.094905236289665
-6.378153844226556
-1.8615674646992437
-1.692301538189389
-3.1590206253159487
-6.41355644224223
-0.4465586327405171
0.5866433841964711
0.45443496676307105
1.0630135713444493
0.6661973398919517
-0.9066666943631343
0.1266466241496236
0.8628236451830474
-1.3117341282996382
-0.15685489385428822
-0.8908599739463514
-0.7903588919948085
1.160904055243244
-0.2580460061155863
0.9693732677841929
-0.6292131761019433
-1.105467099983011
0.5702696533491646
-1.2564261609544336
0.3747647329246373
0.8110305482659648
-1.1988896440547576
-0.6008531334569145
-0.9624437121040912
1.0602304876443907
0.4598198169895366
0.43353380387817814
-0.6645981373034573
0.6361297605484859
1.0670199277242935
-0.7222998932134204
-0.4523991497941084
0.4365461194724222
0.11446379461699623
-0.0416907472987939
-0.49936842978334534
-0.16942792271960697
1.0120294601444306
-0.6325029845580651
-0.4417860791641031
-0.8087870421341768
0.8624311624901488
0.3677883391294859
-0.0770153231180011
0.0667811680714294
0.030101158932048844
0.49248827138310924
0.031846814184843156
-0.5407561908032211
0.6665277407146462
0.9032564434190729
-0.23217024433630962
0.746298492631996
0.4979313633372838
0.6802960487527079
0.613463911041204
0.6279225629022269
1.0562858556099566
0.10300580786634604
0.3094870553576855
-0.00917908915454056
0.17423722587988197
-0.22337509790088778
0.22949239611416702
0.7649451530715677
-1.1915012220556616
0.12677097577554844
0.6878484279002972
-1.3187993400069933
-0.18974046756371024
-0.2872508535770031
-0.14690683315576214
0.6104887285946845
-0.615807359932407
0.733885665165179
-0.5931188505244777
-0.4576693631886736
0.9101031516509677
-1.4947194675278481
0.5595119835790958
-0.10276007313630636
0.2112268711607506
-0.7973441919541175
-1.127460875430149
0.037844546158265026
-0.14164199220903878
-0.29782678561825177
0.028978728164472535
0.5543560057650081
0.4277107255927707
-0.15825674039765097
0.961068494074946
0.8554409655980896
0.5367882155664374
0.8525771649764704
0.9620584383205828
0.14739715941298834
-2.540914638872951
0.6565360610410121
0.91130218678166
-0.28142460732932006
-0.7993612136705831
0.5621355040275259
-0.10176004338215304
0.6368827344008434
0.0008651481982511582
0.010771290241200656
-2.4146216597957983
1.721526493272004
0.6364049797202861
0.6713557799345591
0.14305097163027514
-0.5059518605784226
-0.49434688500455837
0.1691998489989771
-0.3800766580993933
0.3480073666246998
-0.6164843197146171
1.280749779987154
0.6285665085739904
-0.11693387133088273
-0.1620455417894847
-0.025238089728921023
-0.7945583202432772
-1.1707843096106194
4.011562695683847
-0.013646638957933858
-2.3187139985573597
1.3795741629557996
-0.3414889842000839
-0.17657685770144602
0.18260348463042275
-0.07739339038432666
-0.13551449638656426
-0.6697818899729813
0.9530410895073863
0.5881472738866874
-4.093782349266484
3.6652338382159595
-0.02035959626793728
-0.19459859011599687
-0.034267179366425454
1.0840131892978824
0.5268581346129417
-0.18876408689080948
1.678416687304198
1.8653886542627343
0.3987204992303094
-0.04135036507334741
-0.11015702954560244
